$ANSIBLE_VAULT;1.1;AES256
63333631366234646134626232356533656130616530633830383233643064303937323361373261
3932363665366165636634323861386564353863383039320a333965653639623037343864633534
35313231316339373330356437626461313738653739343739373137393039373839323533393935
6230376163646635610a386266353131346131316262396239303132393564383734633931383861
66326133633136636363343337353530643533396231333566356231623866323835613138323562
62616431346539303061653636633465306235303736353831346234353664333163316364393736
66353136303066616135653761386432656535646230373133653234346634653162663630626434
39316561663462616564626332363339666638363539343535303137343231383263663064326330
34356437633238353038383935653231363865313735346436316465303863316664373437613330
34313437636335633233666634666538376631373461303336626465633435353561336430356139
366631626136653266356562613335643639
